Age	LG	MG	HG	SiO2	Al2O3	Fe2O3	FeO	CaO	MgO	Na2O	K2O	TiO2
1	36.24	63.59	0.17	61.62	22.97	1.95	0.19	0.43	0.15	0.28	3.37	0.73
1	23.89	75.65	0.46	62.78	21.41	2.83	0.41	0.27	0.25	0.28	3.07	0.81
2	18.44	77.12	4.44	65.29	17.28	5	1.33	0.28	0.25	0.21	2.53	0.59
1	15.48	81.86	2.66	66.69	16.57	5.24	0.91	0.36	0.18	0.2	2.62	1.2
2	14.72	80.85	4.43	64.26	17.79	7.04	0.33	0.32	0.18	0.13	2.74	1.11
2	13.93	74.26	11.81	64.4	18.36	5.81	0.27	0.29	0.25	0.2	2.98	1.2
3	15.96	57.61	26.43	72.63	11.47	7.41	0.36	0.25	0.17	0.2	1.84	0.87
3	17.76	67.63	14.61	54.23	14.91	19.68	0.26	0.24	0.15	0.22	2.47	0.77
2	15.3	73.16	11.54	64.98	17.33	6.71	0.25	0.22	0.24	0.2	2.65	0.6
3	10.2	57.82	31.98	79.59	11.6	1.09	0.22	0.28	0.16	0.13	1.9	0.86
3	13.83	78.99	7.18	70.22	15.75	4.02	0.2	0.31	0.2	0.21	2.59	0.59
1	19.62	78.46	1.92	63.09	22.08	2.78	0.19	0.45	0.2	0.28	3.31	0.62
3	14.4	84.95	0.65	60.59	19.47	8.41	0.21	0.45	0.09	0.28	3.49	0.57
2	18.51	74.84	6.65	67.2	19.12	2.77	0.21	0.35	0.2	0.2	3.49	0.66
1	14.25	80.73	5.02	68.32	18.81	2.57	0.16	0.31	0.25	0.2	3.1	1.1
1	13.45	86.19	0.36	62.06	22.17	5.37	0.19	0.42	0.2	0.22	2.47	0.35
2	22.77	74.53	2.7	72.81	14.99	2.76	0.18	0.29	0.25	0.21	2.53	0.73
2	22.83	76.42	0.75	64.03	16.16	9.73	0.23	0.38	0.1	0.2	2.62	1.13
2	14.92	78.93	6.15	69.65	16.64	3.77	0.19	0.29	0.18	0.21	2.71	0.55
3	11.42	47.17	41.41	73.44	10.86	7.07	0.3	0.25	0.11	0.22	1.69	0.63
3	14.49	63.85	21.66	80.13	10.83	1.47	0.28	0.35	0.28	0.14	1.63	0.61
2	31.59	65.9	2.51	54.92	23.81	6.82	0.33	0.32	0.28	0.21	2.65	0.54
2	14.67	77.6	7.73	67.93	17.03	4.24	0.24	0.31	0.26	0.21	2.65	0.63
1	11	87.22	1.78	63.63	21.41	2.74	0.19	0.48	0.18	0.27	3.82	1.19
2	22	77.12	0.88	63.51	19.98	3.6	0.16	0.5	0.18	0.13	3.37	1.35
3	7.46	90.66	1.88	61.56	18.64	5.21	0.34	0.28	0.68	0.26	3.01	0.6
1	16.1	83.69	0.21	61.96	23.53	0.93	0.31	0.24	0.36	0.29	4.27	0.72
2	18.4	81.05	0.55	64.8	18.35	0.65	1	0.29	0.27	0.23	2.8	0.46
3	16.59	81.55	1.86	72.07	16.21	0.9	0.49	0.2	0.3	0.23	2.99	0.5
1	13.88	85.28	0.84	64.56	20.21	1.77	0.9	0.25	0.31	0.29	3.78	0.96
1	11.12	88.18	0.7	68.67	18.86	1.53	0.22	0.22	0.26	0.21	3.48	0.83
2	19.21	79.83	0.96	61.57	20.93	0.83	0.53	0.22	0.23	0.26	3.19	1.18
2	18.56	80.19	1.25	56.05	21.11	0.51	0.94	0.22	0.24	0.26	2.95	1.13
1	24.8	72.06	3.14	67.02	19.09	1.04	0.48	0.21	0.26	0.2	2.52	1.26
3	18.13	77.3	4.57	67.6	18.35	3.42	0.21	0.27	0.22	0.23	2.83	0.49
2	13.39	86.54	0.07	64.62	20.95	3.09	0.2	0.21	0.31	0.29	3.48	0.54
1	15.64	83.38	0.98	65.94	18.65	4.75	0.15	0.29	0.11	0.2	3.07	0.54
1	18.36	78.79	2.85	64.34	18.2	6.83	0.17	0.5	0.04	0.2	2.95	0.82
3	9.14	67.64	23.22	76.95	13.18	1.44	0.23	0.12	0.26	0.14	2.26	0.48
1	23.1	76.55	0.35	62.62	21.67	1.21	0.35	0.2	0.31	0.28	3.2	0.67
2	28.39	70.55	1.06	51.36	27.38	4.2	0.36	0.22	0.38	0.33	2.83	0.58
1	12.9	86.39	0.71	56.42	26.33	1.96	0.35	0.22	0.43	0.46	3.67	0.82
1	19.88	79.51	0.61	59.08	23.63	1.19	0.49	0.23	0.37	0.31	3.69	0.7
1	46.3	53.3	0.43	48.79	29.85	2.16	0.56	0.28	0.38	0.4	2.83	0.74
2	18.68	80.67	0.65	66.13	19.47	1.29	0.46	0.25	0.4	0.2	3.43	1.2
2	17.2	82.16	0.64	68.82	19.65	1.73	0.35	0.2	0.17	0.24	2.9	0.6
2	15.6	79.45	4.95	68.59	18.15	1.42	0.33	0.22	0.23	0.28	3.08	0.66
1	15.1	84.76	0.14	62.59	21.87	1.42	0.21	0.24	0.39	0.24	3.57	0.79
1	18.8	81.06	0.14	63.28	21.87	1.3	0.24	0.21	0.4	0.24	3.69	0.58
2	26.68	71.2	2.12	66.89	18.49	4.35	0.15	0.36	0.12	0.13	1.6	1
2	19.18	79.16	1.66	66.24	19.42	3.27	0.16	0.27	0.17	0.3	3.31	0.7
3	15.7	65.59	18.71	73.68	15.7	1.28	0.18	0.24	0.28	0.22	2.29	0.44
2	15.9	80.46	3.64	69.19	17.56	3.28	0.21	0.25	0.2	0.3	3.19	0.62
1	10.42	84.35	5.23	68.94	18.28	1.49	0.26	0.22	0.32	0.22	3.4	0.58
2	15.96	83.8	0.24	65.06	20.37	0.73	0.49	0.28	0.44	0.28	3.63	1.25
1	18.16	81.61	0.23	67.88	16.64	4.9	0.13	0.46	0.11	0.13	2.78	1.06
3	0.46	68.98	30.56	76.59	13.61	1.16	0.18	0.46	0.03	0.2	1.56	0.82
3	18	66.12	15.88	64.48	11.37	14.89	0.34	0.25	0.08	0.14	1.79	0.7
3	9.39	74.45	16.16	71.73	14.61	4.79	0.24	0.21	0.16	0.23	2.78	0.57
3	16.95	80.89	2.16	64.92	21.51	0.68	0.27	0.17	0.36	0.24	3.99	0.64
1	43.78	56.08	0.14	74.04	13.1	4.9	0.17	0.24	0.15	0.15	2.11	0.47
3	17.4	61.15	21.45	68.49	18.3	2.98	0.22	0.2	0.25	0.2	3.18	0.7
1	20.59	78.87	0.54	68.04	14.81	7.99	0.16	0.46	0.06	0.13	2.53	0.74
2	18.05	80.48	1.47	55.22	23.4	6.35	0.32	0.25	0.38	0.14	2.58	0.7
2	27.2	71.62	1.18	63.41	20.26	4.52	0.25	0.28	0.14	0.3	2.53	0.71
2	22.4	75.36	2.24	62.8	20.93	4.53	0.18	0.21	0.28	0.36	3.07	0.49
2	14.71	84.69	0.6	64.72	21.58	1.65	0.28	0.25	0.29	0.3	3.25	0.72
2	25.43	73.91	0.66	61.13	17.92	9.22	0.19	0.25	0.22	0.23	3.01	0.79
2	22.19	76.02	1.79	73.19	14.15	3.21	0.26	0.29	0.18	0.23	2.35	0.66
2	15.18	74.63	10.19	69.3	18.45	1.77	0.15	0.27	0.25	0.22	2.83	0.59
2	21.03	71.2	7.77	68.08	14.84	7.4	0.24	0.24	0.16	0.22	2.23	0.61
3	12.73	63.97	23.3	64.87	16.31	7.83	0.24	0.27	0.18	0.2	2.83	0.63
1	14.13	80.69	5.18	68.15	19.01	1.93	0.21	0.46	0.23	0.27	3.28	1.15
1	14.2	85.74	0.06	63.58	22.69	1.05	0.27	0.27	0.29	0.29	3.58	0.56
1	18.86	80.42	0.72	70.91	15.65	4.1	0.16	0.49	0.07	0.2	2.47	1.16
3	15.4	64.79	19.81	69.21	17.56	0.82	0.42	0.21	0.42	0.23	2.5	0.63
1	19.78	70.52	9.7	65.04	19.88	0.55	0.69	0.25	0.43	0.29	3.72	0.78
1	19.46	66.64	13.9	69.26	18.4	1.11	0.23	0.28	0.33	0.23	2.87	0.51
2	16.26	79.98	3.76	69.91	14.73	6	0.27	0.24	0.1	0.2	2.41	0.49
3	14.08	62.05	23.87	62.54	21.16	4.05	0.19	0.2	0.33	0.28	3.86	0.61
1	20.29	78	1.71	75.52	13.76	1.2	0.16	0.46	0.04	0.13	1.68	1.32
3	24.6	73.54	1.86	66.85	18.56	3.6	0.22	0.22	0.3	0.21	3.06	0.65
1	12.35	84.17	3.48	64.02	16.06	9.39	0.18	0.18	0.19	0.2	2.53	0.54
3	21.07	76.02	2.91	70.42	14.2	5.57	0.22	0.22	0.15	0.13	2.41	0.67
3	14.88	76.39	8.73	60.8	21.82	5.06	0.19	0.22	0.19	0.22	2.95	0.51
2	25.62	74.07	0.31	70.14	16.93	3.13	0.16	0.29	0.2	0.2	0.71	0.58
2	18.08	68.85	13.07	60.01	23.34	2.97	0.14	0.21	0.15	0.2	4.05	0.81
1	18.02	81.04	0.94	58.1	21.95	6.56	0.24	0.27	0.33	0.2	3.51	0.75
1	33.9	65.83	0.27	68.39	18.63	2.23	0.17	0.25	0.33	0.2	2.95	0.6
2	17.58	74.45	7.97	64.84	19.6	3.37	0.15	0.22	0.24	0.2	2.95	0.68
2	17.49	80.21	2.3	72.68	14.48	3.56	0.2	0.22	0.15	0.13	2.47	0.72
3	14.36	69.11	16.53	83.54	8.69	2.09	0.22	0.2	0.28	0.15	1.2	0.59
3	22.61	73.18	4.21	60.28	16.77	11.71	0.22	0.2	0.21	0.21	2.58	0.74
2	22.98	73.38	3.64	59.13	20.8	7.18	0.21	0.19	0.27	0.13	2.77	0.78
